# Parameter file  'TC_DSM_Service85_NRC12.par'  generated by LPG Doors script V7.3 for SRTP
PROJECT_PARAMETER	= @()
THIS_CREATED		= '2021-09-08 11:24:29'
SRT_NAME		= 'TS_DSM_CustomerDiagnostic_SubaruES1'
SRT_PATH		= '/AB12_Subaru_MainStream/Software/SRTP'
SRT_TYPE		= 'TS'
SRT_DESCRIPTION	= 'Test for the DSI customer diagnostic functionality of Subaru ES1'
SRT_RESPONSIBLE	= 'pnv5kor'
SRT_VIEW		= 'Default'
SRT_FILTER		= '(Object Number >= 3.10.7.1) AND (Object Number < 3.11)'
SRT_BL_USED		= 'Careful: Current version is not baselined, showing last baseline information below. Changed IDs: 282, 283, 293, 296, 297, 298, 299, 1934, 1943, 1944, 1945, 2328, 304, 307, 309, 317, 320, 325, 731, 732, 332, 339, 347, 2106, 356, 366, 367, 723, 724, 376, 377, 378, 383, 384, 385, 387, 390, 391, 392, 394, 397, 398, 399, 401, 404, 405, 406, 408, 413, 414, 420, 421, 423, 426, 427, 428, 430, 433, 434, 435, 437, 440, 441, 442, 444, 1915, 1916, 447, 448, 449, 1950, 1951, 1952, 1954, 1958, 1959, 1961, 455, 456, 457, 462, 463, 464, 466, 469, 470, 471, 477, 478, 480, 483, 484, 485, 487, 2012, 2013, 2014, 2016, 2320, 2321, 492, 499, 506, 513, 2020, 2021, 2025, 2086, 521, 522, 523, 529, 530, 531, 538, 545, 546, 547, 2101, 2102, 2103, 553, 555, 561, 562, 563, 565, 566, 567, 1877, 1878, 1879, 571, 572, 573, 2340, 578, 579, 581, 2341, 584, 585, 586, 2063, 594, 595, 2060, 601, 602, 608, 609, 617, 618, 619, 621, 622, 2053, 2054, 628, 629, 739, 2046, 2049, 2051, 636, 637, 639, 644, 645, 647, 650, 651, 652, 654, 658, 659, 660, 667, 668, 670, 671, 676, 677, 684, 685, 691, 692, 693, 2342, 699, 700, 701, 1966, 1967, 706, 707, 708, 710, 2343, 777, 778, 779, 781, 782, 783, 786, 787, 788, 790, 791, 792, 795, 796, 797, 799, 800, 801, 804, 805, 806, 808, 809, 810, 813, 814, 815, 1094, 1095, 1096, 2126, 2127, 2128, 2130, 2131, 2132, 824, 825, 826, 828, 962, 961, 829, 831, 832, 833, 835, 2344, 2345, 838, 839, 840, 842, 2346, 2347, 845, 846, 847, 849, 2348, 2349, 850, 853, 854, 855, 857, 2350, 2351, 859, 861, 862, 863, 865, 968, 967, 866, 869, 870, 871, 873, 2352, 874, 876, 877, 878, 880, 966, 965, 892, 893, 1087, 1089, 1091, 1027, 1029, 1031, 1032, 1997, 1045, 1047, 2001, 2000, 1998, 1048, 1999, 2142, 1059, 1060, 1061, 1067, 1068, 1070, 1073, 1074, 1075, 1077, 2004, 2005, 2006, 2008, 1101, 1102, 1104, 1124, 1123, 1122, 1121, 1120, 1119, 1118, 1117, 1116, 1115, 1114, 1113, 1112, 1111, 1110, 1109, 1108, 1107, 1106, 1105, 1128, 1127, 1126, 1125, 1141, 1140, 1139, 1138, 1137, 1136, 1135, 1134, 1133, 1824, 1132, 1131, 1130, 1561, 1560, 1559, 1558, 1557, 1556, 1555, 1554, 1562, 2353, 1563, 1564, 1302, 1303, 1304, 1306, 1307, 1308, 1309, 1310, 1311, 1312, 1910, 1313, 1314, 1315, 1316, 1317, 1318, 1319, 1320, 1321, 1322, 1323, 1324, 1325, 1326, 1327, 1328, 1329, 1330, 1331, 1332, 1333, 1334, 1335, 1336, 1337, 1338, 1339, 1340, 1341, 1342, 1343, 1354, 1356, 1355, 1348, 1347, 1346, 1345, 1344, 1362, 1361, 1360, 1359, 1358, 1357, 1366, 1365, 1364, 1363, 1388, 1387, 1386, 1385, 1384, 2313, 2314, 1565, 1566, 1570, 1569, 1568, 1567, 1586, 1585, 1584, 1911, 1583, 1582, 1581, 1580, 1579, 1578, 1576, 1575, 1574, 1573, 1572, 1619, 2272, 2273, 2274, 1571, 1600, 1618, 1616, 1615, 1614, 1613, 1612, 1611, 1610, 1609, 1608, 1607, 1158, 1159, 1160, 1162, 2316, 1163, 1164, 1165, 1171, 1172, 1174, 1175, 1177, 1146, 1147, 1148, 1150, 1151, 1152, 1153, 1196, 1197, 1198, 1200, 1201, 1202, 1203, 1244, 1245, 1246, 1248, 1436, 1286, 1287, 1252, 1253, 1254, 1273, 1274, 1275, 2150, 1453'
SRT_BL_NUM		= '2.55'
SRT_BL_SFX		= ''
SRT_BL_ANNOTATN	= ''
SRT_BL_DATE		= 'Mittwoch, 6. November 2019'
SRT_LAST_MODIFIED	= '08 September 2021'
SRS_NAMES		= @( '' )

[TC_DSM_Service85_NRC12.NRC12]   #ID: TS_DSM_1077
# From here on: applicable Lift Default Parameters
purpose = 'To verify that NRC12 is received when service request is sent which is not supported in Active Session'
Addressing_Mode = @('Physical','Functional') 	
Protocol = 'UDS' 
Session1 = 'ExtendedSession' 
REQ_OFF = '85 01'
NRC_12= '7F 85 12'
# From here on: the connection to Doors
SRT_fullname 	= '/AB12_Subaru_MainStream/Software/SRTP/TS_DSM_CustomerDiagnostic_SubaruES1'
SRT_ID		= '1077'
SRT_state	= 'not done'
SRT_asil	= 'not set'
SRT_automated	= 'to_be_automated'
SRT_linked_IDs	= @( '/AB12_Subaru_MainStream/Software/SRS/SRS_DSM_SubaruTR8CustomerDiagnostic (ID1318)', '/AB12_Subaru_MainStream/Software/SRS/SRS_DSM_SubaruTR8CustomerDiagnostic (ID1365)' )

